XDISP 4.6132358894377501e-02
YDISP 1.7937233613848799e-01
THETADISP -2.7127281314581937e-02
XVEL -5.4542633553773930e-02
YVEL -3.4961441444037816e-02
THETAVEL -1.3098239085890823e-02
XACCEL -7.0768363970289370e-04
YACCEL 1.3822975373740895e-01
THETAACCEL 4.2333968260081338e-02
SENSOR_COORDS_X 4.6132358894377501e-02 2.4768621172732594e-01 2.4443133720845686e-01 4.4761262730083984e-01 4.4435775278197076e-01 6.4726780333111456e-01 6.4455540789872368e-01 8.4665173981815034e-01 8.4502430255871586e-01 1.0457644367619470e+00
SENSOR_COORDS_Y 1.7937233613848799e-01 2.3392546994576033e-01 1.1396962060165200e-01 2.2850067908097851e-01 1.0854482973687019e-01 2.1307956743752099e-01 1.1311635965076405e-01 1.8766213501538778e-01 1.2768421034333360e-01 1.5224838181457886e-01
